id	POP1	POP2	POP3
100-4312	0.049950942	0.661311102	0.288737956
100	0.327484809	0.628525359	0.043989832
101-4338	0.23958347	0.577084762	0.183331768
101	0.127293017	0.872706982	0.000000001
102-4348	0.000000001	0.87060078	0.129399219
102	0.296482006	0.703285473	0.000232521
103-4369	0.06055697	0.668829078	0.270613952
103	0.117963888	0.836770697	0.045265415
104-4269	0.062266427	0.906644982	0.031088591
104	0.094164434	0.903962696	0.00187287
105-4272	0.021424766	0.949071991	0.029503244
105	0.330868141	0.653514192	0.015617667
106-4292	0.274267676	0.572012388	0.153719936
10-663	0.035604368	0	0.964395631
106	0.314648798	0.685351201	0.000000001
107-4293	0.071076433	0.826713867	0.1022097
107	0.159985845	0.840014154	0.000000001
108-4294	0.131590946	0.489260671	0.379148383
108	0	0.999999998	0
109-4314	0.126263586	0.651076393	0.222660021
109	0.031111938	0.968888061	0.000000001
10	0.86327491	0	0.136725089
110-4327	0.071846136	0.665247051	0.262906813
110	0.651896012	0.337562338	0.01054165
111-4361	0.060835405	0.802056374	0.137108221
111	0.422564927	0.577435072	0.000000001
112	0.402282361	0.597717638	0.000000001
113-4129	0.131366648	0	0.868633351
113	0.238390011	0.736742824	0.024867166
114-4277	0.14565682	0.583166128	0.271177053
114	0.277972777	0.615905755	0.106121468
115-4283	0.091663985	0.64967298	0.258663035
115	0.105472503	0.894527496	0.000000001
116-4285	0.107156218	0.627689429	0.265154353
116	0.085810842	0.895455878	0.018733281
11-707	0.124266063	0	0.875733936
117-4291	0.162076635	0.219764341	0.618159024
117	0.158671779	0.841313114	1.51073E-05
118-4104	0.219375843	0	0.780624156
118	0.099049952	0.897483986	0.003466062
119-4109	0	0	0.999999998
119	0.104303561	0.895696438	0.000000001
11	0.999999998	0	0
120-4116	0.0017505	0	0.998249499
120	0.533027244	0.441346311	0.025626445
121-4140	0.07392532	0	0.926074679
121	0.273336696	0.67812473	0.048538573
122-4148	0.384834986	0.237903047	0.377261967
122	0.238934871	0.742631039	0.01843409
123-4181	0.040046562	0	0.959953437
123	0.409441885	0.541114405	0.049443711
124-4086	0.086342279	0	0.91365772
124	0.481690238	0.518309761	0.000000001
125	0.242043212	0.731737488	0.0262193
126-8392	0.106991882	0	0.893008117
126	0.712269172	0.270223706	0.017507121
12-708	0.079801762	0	0.920198237
127-8457	0.091338424	0	0.908661575
127	0.130112894	0.869887105	0.000000001
128-4151	0	0	0.999999998
128	0.489424487	0.408499774	0.10207574
129-4154	0.18687339	0	0.813126609
129	0.29850803	0.669216969	0.032275001
12	0.842171187	0	0.157828812
130-4158	0.158240575	0	0.841759424
130	0.172045385	0.827954614	0.000000001
131-4159	0	0	0.999999998
131	0.646240541	0.353759458	0.000000001
132-4164	0.129347664	0.687891539	0.182760796
132	0.477699095	0.444385411	0.077915494
133-4156	1.53003E	0.409133237	0.59086661
133-4166	0	0	0.999999998
133	0.532261511	0.466333021	0.001405468
134-4173	0.204273557	0	0.795726442
134	0.27580188	0.722088469	0.002109651
135-4150	0	0	0.999999998
135	0.0667895	0.933210499	0.000000001
136-4152	0.02535732	0	0.974642679
136	0.378429542	0.564440642	0.057129816
13-709	0.219604533	0	0.780395466
137	0.070910189	0.92908981	0.000000001
138-4167	0.000109859	0	0.99989014
138	0.047891592	0.941910387	0.010198021
139-4168	0.052978878	0	0.947021121
139	0.766969508	0.218452	0.014578492
13	0.681192764	0	0.318807235
140	0.620856845	0.154815026	0.224328128
141-4121	0.165199944	0	0.834800055
141	0.363062522	0.615826375	0.021111103
1-4241	0.028625746	0.439131414	0.532242839
142-4123	3.17924E	0	0.999999967
142	0.132339892	0.867660103	4.3118E-09
143-4126	0.048371852	0	0.951628147
143	0.766879956	0.124167347	0.108952697
144-4131	0.050177656	0	0.949822343
144	0.184365373	0.757462641	0.058171986
145-4137	0.106533698	0	0.893466301
145	0.339995173	0.465063146	0.194941681
146-4114	0.000000001	0.280091758	0.719908241
146	0.047334241	0.952665758	0.000000001
14-710	0.160517402	0	0.839482597
147-4122	0.038909342	0	0.961090657
147	0.12158718	0.792098779	0.086314042
148-4128	0.107728663	0	0.892271336
148	0.302690536	0.683872668	0.013436796
149-4130	0	0	0.999999998
149	0.166273393	0.833726606	0.000000001
14	0.999999998	0	0
150-4134	0.016031944	0	0.983968055
150	0	0.999999998	0
151-4135	0.152457025	0	0.847542974
151	0.039425045	0.960574954	0.000000001
152-4138	0.074405373	0	0.925594626
152	0.205274084	0.745251088	0.049474828
153-4145	0	0	0.999999998
153	0.095809622	0.904183394	6.98366E-06
154-4149	0.114810408	0	0.885189591
154	0.155407359	0.844591892	7.48854E-07
155-4147	0	0	0.999999998
155	0.071236174	0.928763825	0.000000001
156-4273	0.03888984	0.566676427	0.394433733
156	0.36411679	0.432718929	0.203164281
157-4275	0.032095515	0.958147771	0.009756714
15-767	0.179843776	0	0.820156223
157	0.275224528	0.329176404	0.395599069
158-4276	0.121470021	0.484032199	0.39449778
158	0.276944869	0.005723339	0.717331791
159-4278	0.053098441	0.275474511	0.671427048
15	0.999999998	0	0
160-4288	0.097397571	0.648508552	0.254093877
161-4282	0.000000001	0.94232122	0.057678779
161	0.147143661	0.852856338	0.000000001
162-4286	0.220304618	0.595107602	0.18458778
162	0.391445586	0.554434039	0.054120375
163-4287	0	0	0.999999998
163	0.047877237	0.952122762	0.000000001
164-4289	0.13011841	0.668800804	0.201080786
164	0.178365382	0.810794662	0.010839956
165-4290	0	0	0.999999998
165	0.16379555	0.791174086	0.045030364
166-4296	0.046251026	0.858447295	0.095301679
166	0.298936749	0.621318842	0.079744408
167-4297	0.098908656	0.83267752	0.068413825
16-768	0.207797336	0	0.792202663
167	0.441358508	0.558641209	2.82986E-07
168-4298	0.076480697	0.659687744	0.263831559
168	0.233085662	0.64267048	0.124243858
169-4328	0.10336393	0.671603562	0.225032508
169	0.497671251	0.460960679	0.04136807
16	0.999999998	0	0
170	0.313757273	0.611585869	0.074656859
171-4331	0.060178573	0.855887165	0.083934262
171	0.159707202	0.840125456	0.000167342
172-4332	0.210091848	0.680013154	0.109894998
172	0.360550858	0.535574363	0.103874779
173-4336	0.070452467	0.624728617	0.304818916
173	0.299671819	0.670500564	0.029827617
174-4339	2.85698E	0.457787185	0.542184245
174	0.672507168	0.267028252	0.06046458
175-4345	0.067533097	0.859699643	0.07276726
175	0.120519274	0.879480725	0.000000001
176-4333	0.001042139	0.765496868	0.233460992
176	0.220439549	0.685527651	0.0940328
177-4334	0.017369288	0.346140016	0.636490695
17-769	0.334008275	0.033902706	0.63208902
177	0.308759502	0.691240497	0.000000001
178-4337	0.041110017	0.618201883	0.3406881
178	0.370940564	0.629059435	0.000000001
179-4349	0.202359139	0.571525578	0.226115283
179	0.41744404	0.48311936	0.099436599
17	0.99999997	0	2.92357E-08
180-4351	0.058863812	0.639981891	0.301154297
180	0.133659176	0.783399229	0.082941595
181-4353	0.085500363	0.574670774	0.339828863
181	0.306353167	0.603530971	0.090115861
182-4356	0.133139593	0.566225281	0.300635126
182	0	0.999999998	0
183-4357	0.093276112	0.715438804	0.191285084
183	0.136807267	0.717415133	0.145777601
184-4359	0.10362632	0.610210408	0.286163272
184	0.790404917	0	0.209595082
185-4360	0.00184153	0.442729616	0.555428854
185	0.975515367	0	0.024484632
186-4363	0.081772044	0.754362727	0.16386523
186	0.171070854	0.828929145	0.000000001
187-4365	0.1810667	0.518788697	0.300144603
18-770	0.179853723	0	0.820146276
187	0.377303619	0.503530124	0.119166257
188-4370	0.027678042	0.702952746	0.269369213
188	0.217541529	0.676087291	0.10637118
189-4373	0.069188029	0.806560103	0.124251868
189	0.166192603	0.833807393	4.27419E-09
18	0.999999998	0	0
190-4378	0.082156423	0.476359733	0.441483844
190	0.999999998	0	0
191-4379	0.10613925	0.623430726	0.270430024
191	0.999999998	0	0
192-8384	0.02816224	0	0.971837759
192	0.935933493	0	0.064066506
193-8453	0.379498433	0	0.620501566
194-8454	0.061575999	0	0.938424
195-8458	2.12837E	0	0.999999978
196-8460	0	0	0.999999998
19-771	0.019987612	0	0.980012387
197-8471	0.100807149	0	0.89919285
198-8472	0	0	0.999999998
199-8068	0	0	0.999999998
19	0.943786132	0	0.056213867
1	0.999999998	0	0
200-8069	0.006029027	0	0.993970972
201-8341	0.10086978	0	0.899130219
202-8343	0	0	0.999999998
203-8351	0	0	0.999999998
204-4439	0.398284222	0.388635745	0.213080034
205-4402	0.000000001	0.581172441	0.418827558
206-4407	0.074148965	0.767117695	0.15873334
207-4408	0.047492459	0.709240321	0.243267219
208-4404	0.006792726	0.376600123	0.616607151
209-4416	0.148263187	0.667286602	0.184450211
20-970	0.105134461	0	0.894865538
20	0.999999998	0	0
210-8344	0	0	0.999999998
211-8345	7.9578E	0	0.999920421
212-8349	0.086186977	0	0.913813022
213-8350	0.092238604	0	0.907761395
214-4386	0.09381739	0.850664183	0.055518428
215-4388	0.000000001	0.3782457	0.621754299
216-4390	0.146182401	0.687963671	0.165853928
217-4391	0.144670636	0.709466018	0.145863346
218-4393	0.153463642	0.634972615	0.211563743
219-4394	0.085376534	0.826182336	0.08844113
21-971	0.03874164	0	0.961258359
21	0.999681581	0	0.000318418
220-4398	0.017661719	0.283809348	0.698528933
221-4489	0.136373681	0.605175031	0.258451287
222-4523	0.181463297	0.62512977	0.193406933
223-4675	0.082047399	0.511097312	0.406855289
224-4677	0.131552563	0.665260692	0.203186745
225-4678	0.077237757	0.756057221	0.166705022
226-8461	0.13359543	0	0.866404569
227-4367	0.00481232	0.613523618	0.381664062
228-4371	0.08036719	0.823525301	0.096107508
229-4374	0.142239289	0.583348678	0.274412032
22-972	0.030927071	0	0.969072928
22	0.974771514	0	0.025228485
230-4377	0.01763012	0.84399575	0.13837413
231-4381	0.120923507	0.667363242	0.211713251
232-4382	0.15543421	0.642557601	0.202008189
233-4383	0.056200364	0.688802257	0.254997379
234-4384	0.169309574	0.610708798	0.219981628
235-4624	0.087626298	0.638392421	0.273981281
236-4625	0.103392964	0.574003517	0.32260352
237-4629	0.085945575	0.671858396	0.242196029
238-4630	0.099368049	0.754416884	0.146215068
239-4632	0.076228091	0.787937808	0.135834101
23-973	0.244682812	0	0.755317187
23	0.873475057	0	0.126524942
240-4644	0.123708232	0.593882453	0.282409315
241-4648	0.086931676	0.548914467	0.364153858
2-4246	0.076491776	0.905376918	0.018131306
242-4649	0.06402013	0.698518527	0.237461343
243-4652	0.079266238	0.708358737	0.212375025
244-4653	0.181408745	0.710181554	0.108409701
245-4657	0.169921106	0.660191573	0.169887321
246-4660	0.110079147	0.674868011	0.215052842
247-4661	0.097620881	0.656518614	0.245860506
248-4663	0.047978654	0.803893732	0.148127614
249-4667	0.055727539	0.661327853	0.282944607
24-974	0	0	0.999999998
24	0.946313791	0	0.053686208
250-4668	0.00220925	0.748035186	0.249755564
251-4669	0.01323903	0.794798486	0.191962484
252-4670	0.026263926	0.535479875	0.438256199
253-4672	0.037054938	0.879490564	0.083454498
254-4673	0.040679311	0.621188024	0.338132665
25-4492	0.085696261	0.914303738	0.000000001
255-4683	0.018649627	0.778368228	0.202982145
256-8360	0.235576789	0.000000001	0.76442321
257-4003	0.02127931	0	0.978720689
258-4007	0.212196	0	0.787803999
259-4008	0.107540744	0	0.892459255
25	0.931549733	0	0.068450266
260-4011	0.07429618	0	0.925703819
261-4013	0.019306902	0.262267416	0.718425682
262-4014	0.067368865	0	0.932631134
263-4018	0.09004395	0	0.909956049
264-4019	1.24815E	0	0.999987518
26-4511	0.009860053	0.812715136	0.177424811
265-4020	0	0	0.999999998
266-4021	0	0	0.999999998
267-4023	0.066479814	0	0.933520185
268-4024	0.014772799	0	0.9852272
269-4025	0.147672182	0	0.852327817
26	0.924673789	0	0.07532621
270-4028	0	0	0.999999998
271-4030	0	0	0.999999998
272-4032	0.048280244	0	0.951719755
273-4033	0.065051277	0	0.934948722
274-4034	0	0	0.999999998
27-4527	0.056503336	0.785127973	0.158368691
275-4035	0.048068797	0	0.951931202
276-4036	0.06414342	0	0.935856579
277-4038	0.143136457	0	0.856863542
278-4039	0	0	0.999999998
279-4040	0	0	0.999999998
27	0.999999998	0	0
280-4041	0	0	0.999999998
281-4042	1.73181E	0	0.999999826
282-4043	0.127992143	0	0.872007856
283-4044	0	0	0.999999998
284-4045	0.16246205	0.000000001	0.837537949
28-4535	0.06468189	0.527535877	0.407782232
285-4046	0.064931648	0	0.935068351
286-4047	0	0	0.999999998
287-4074	0.029785515	0	0.970214484
288-8477	0.1232758	0	0.876724199
289-8478	0	0	0.999999998
28	0.864529726	0	0.135470273
290-8479	0	0	0.999999998
29-4487	0.068830053	0.743051908	0.188118039
29	0.856748423	0	0.143251576
2	0.999999998	0	0
30-4496	0.046647652	0.438969249	0.514383099
30	0.999999998	0	0
31-4514	0.070174307	0.775057984	0.154767709
31	0.893442979	0	0.10655702
32-4525	0.018064624	0.832083281	0.149852095
32	0.999999998	0	0
330663	0.070424747	0	0.929575252
330707	0.041316139	0	0.95868386
330973	0.314711391	0	0.685288608
33-4528	0.027978015	0.827998086	0.144023899
33	0.966353707	0	0.033646292
3-4247	0.171728649	0.189435327	0.638836023
34-4170	0.084050998	0	0.915949001
34	0.999992384	0	7.61487E-06
35-4242	0.134265038	0.47915507	0.386579892
35	0.999999998	0	0
36-4243	0.015597521	0	0.984402478
36	0.999999998	0	0
37-4253	0.171194168	0	0.828805831
37	0.995938079	0	0.00406192
38-4255	0.157892705	0.142034646	0.700072649
38	0.999999998	0	0
39-4257	0.10652628	0.61840405	0.27506967
39	0.944259993	0	0.055740006
3	0.938824066	0	0.061175933
40-4262	0.200755731	0.30161329	0.49763098
41-4264	0.038229498	0.210452957	0.751317545
41	0.997201228	0	0.002798771
42-4268	0.111434581	0.638524585	0.250040834
42	0.984456592	0	0.015543407
43-4486	0.083285216	0.805345664	0.11136912
43	0.921271064	0	0.078728935
4-4249	0.115610739	0.687932115	0.196457146
44-4488	7.60387E	0.828379537	0.171612859
44	0.999999998	0	0
45-4512	0.101992478	0.663071788	0.234935734
45	0.877324265	0	0.122675734
46-4515	0.221491901	0.535197488	0.243310611
46	0.944764559	0	0.05523544
47-4534	0.009994478	0.885082522	0.104923
47	0.849568222	0	0.150431777
48-4553	0.05801897	0.593307269	0.348673761
48	0.999999998	0	0
49-4474	0.052645458	0.576183204	0.371171337
49	0.90573401	0	0.094265989
4	0.997667132	0	0.002332867
50-4491	0.086436045	0.67834247	0.235221484
50	0.95474967	0	0.045250329
51-4495	0.09908783	0.59519202	0.30572015
51	0.775752421	0	0.224247578
52-4507	0.155718909	0.467399953	0.376881138
52	0.829130547	0.14217112	0.028698333
53-4513	0.036851461	0.531686781	0.431461757
53	0	0.999999998	0
5-4250	0.308702254	0.116397567	0.574900179
54-4516	0.020011872	0.730390647	0.24959748
54	0.949991055	0	0.050008944
55	0.941222359	0	0.05877764
56-4504	0.14640573	0.735349327	0.118244943
56	0.973945565	0	0.026054434
57-4522	0.146573415	0.731171878	0.122254707
57	0.973622178	0	0.026377821
58-4532	0.089908758	0.739359648	0.170731593
58	0.824437955	0	0.175562044
59-4105	0.069975401	0	0.930024598
59	0.963072412	0	0.036927587
5	0.970422306	0	0.029577693
60-4133	0.010819369	0.980132711	0.00904792
60	0.999999998	0	0
61-4185	0.189476604	0	0.810523395
61	0	0.999999998	0
62-4188	1.16369E	0	0.999999998
62	0.988227272	0	0.011772727
63-4191	0.236899572	0.200119679	0.562980749
63	0.164600016	0.735501127	0.099898858
6-4251	0.000000001	0.218478616	0.781521383
64-4281	0.045497231	0.814457685	0.140045084
65-4115	0.002236633	0	0.997763366
66-4271	0.081435533	0.918564466	0.000000001
67-4279	0.102847523	0.153278816	0.743873661
68-4295	0.256926614	0.137205717	0.605867668
69-4321	0.17313242	0.343294359	0.483573221
6	0.961058012	0	0.038941987
70-4342	0.129156691	0.775402666	0.095440643
71-4368	0.10592399	0.787036974	0.107039036
72-4443	0.170673871	0.722853176	0.106472954
73-4095	0.206349385	0	0.793650614
7-4259	0.178055985	0.292704308	0.529239707
74-4153	0.091051848	0.12494642	0.784001732
75-4174	0.244899784	0.245819978	0.509280237
76-4459	0.246872048	0.589142087	0.163985865
76	0.732568757	0.259172066	0.008259178
77-8067	0.145943326	0	0.854056673
77	0.448795569	0.534578079	0.016626352
78-8072	0.080897798	0	0.919102201
78	0.017255671	0.969324473	0.013419857
79-8342	0.112688648	0	0.887311351
79	0.858184601	0.06172099	0.080094409
7	0.871991727	0	0.128008272
80-8348	0.013317662	0	0.986682337
80	0.52960693	0.403051807	0.067341263
81-8455	0.19865791	0	0.801342089
81	0.239734354	0.760265645	0.000000001
82-8470	0.001023007	0	0.998976992
82	0.410937873	0.50845675	0.080605377
83-8498	0.000000001	0.227814271	0.772185728
83	0.138682215	0.861317784	0.000000001
8-4260	0.148517776	0.188862863	0.66261936
84-8500	0.045524095	0	0.954475904
84	0.400310315	0.599689684	0.000000001
85-8501	0.193223084	0	0.806776915
85	0.446800171	0.364564495	0.188635334
86-8502	0.062139481	0	0.937860518
86	0.199127601	0.800872398	0.000000001
87-8503	0.100489958	0	0.899510041
87	0.876667916	0	0.123332083
88-8071	1.39189E	0	0.999999985
88	0.610525856	0.238943169	0.150530975
89-8346	0.041829719	0	0.95817028
89	0.013958221	0.986041778	0.000000001
8	0.91308944	0	0.086910559
90-8451	0.250556924	0	0.749443075
90	0.35998903	0.513605575	0.126405394
91-8476	0.03217003	0	0.967829969
91	0.603333739	0.260758497	0.135907764
92-8492	0	0	0.999999998
92	0.499286959	0.50071304	0.000000001
93-8493	0.137278023	0	0.862721976
93	0.668932352	0.183494253	0.147573395
9-4265	0.05500846	0.454602417	0.490389123
94-8494	0	0	0.999999998
94	0	0.999999998	0
95-8495	0.231403282	0	0.768596717
95	0.292626734	0.707373243	2.33946E-08
96-8496	0.16089655	0	0.839103449
96	0	0.999999998	0
97-8491	0	0	0.999999998
97	0.008259959	0.99174004	0.000000001
98-8499	0	0	0.999999998
98	0.358143823	0.629224596	0.012631581
99-4305	0.118033986	0.727233765	0.154732249
99	0.260889713	0.739110286	0.000000001
9	0.935878815	0	0.064121184
